7f40	80866f80	0	               0	               0	               0	               0	               0	               0	               0	               0	               0	               0	               0	               0	               0	               0	
7f43	80866f83	0	               0	               0	               0	               0	               0	               0	               0	               0	               0	               0	               0	               0	               0	               0	
7f48	80866f90	0	               0	               0	               0	               0	               0	               0	               0	               0	               0	               0	               0	               0	               0	               0	
7f4b	80866f93	0	               0	               0	               0	               0	               0	               0	               0	               0	               0	               0	               0	               0	               0	               0	
7f58	80866f81	0	               0	               0	               0	               0	               0	               0	               0	               0	               0	               0	               0	               0	               0	               0	
7f59	80866f36	0	               0	               0	               0	               0	               0	               0	               0	               0	               0	               0	               0	               0	               0	               0	bdx_uncore
7f5a	80866f37	0	               0	               0	               0	               0	               0	               0	               0	               0	               0	               0	               0	               0	               0	               0	bdx_uncore
7f5b	80866f76	0	               0	               0	               0	               0	               0	               0	               0	               0	               0	               0	               0	               0	               0	               0	
7f60	80866fe0	0	               0	               0	               0	               0	               0	               0	               0	               0	               0	               0	               0	               0	               0	               0	
7f61	80866fe1	0	               0	               0	               0	               0	               0	               0	               0	               0	               0	               0	               0	               0	               0	               0	
7f62	80866fe2	0	               0	               0	               0	               0	               0	               0	               0	               0	               0	               0	               0	               0	               0	               0	
7f63	80866fe3	0	               0	               0	               0	               0	               0	               0	               0	               0	               0	               0	               0	               0	               0	               0	
7f64	80866fe4	0	               0	               0	               0	               0	               0	               0	               0	               0	               0	               0	               0	               0	               0	               0	
7f65	80866fe5	0	               0	               0	               0	               0	               0	               0	               0	               0	               0	               0	               0	               0	               0	               0	
7f66	80866fe6	0	               0	               0	               0	               0	               0	               0	               0	               0	               0	               0	               0	               0	               0	               0	
7f67	80866fe7	0	               0	               0	               0	               0	               0	               0	               0	               0	               0	               0	               0	               0	               0	               0	
7f68	80866fe8	0	               0	               0	               0	               0	               0	               0	               0	               0	               0	               0	               0	               0	               0	               0	
7f69	80866fe9	0	               0	               0	               0	               0	               0	               0	               0	               0	               0	               0	               0	               0	               0	               0	
7f6a	80866fea	0	               0	               0	               0	               0	               0	               0	               0	               0	               0	               0	               0	               0	               0	               0	
7f6b	80866feb	0	               0	               0	               0	               0	               0	               0	               0	               0	               0	               0	               0	               0	               0	               0	
7f6c	80866fec	0	               0	               0	               0	               0	               0	               0	               0	               0	               0	               0	               0	               0	               0	               0	
7f6d	80866fed	0	               0	               0	               0	               0	               0	               0	               0	               0	               0	               0	               0	               0	               0	               0	
7f6e	80866fee	0	               0	               0	               0	               0	               0	               0	               0	               0	               0	               0	               0	               0	               0	               0	
7f6f	80866fef	0	               0	               0	               0	               0	               0	               0	               0	               0	               0	               0	               0	               0	               0	               0	
7f78	80866ff8	0	               0	               0	               0	               0	               0	               0	               0	               0	               0	               0	               0	               0	               0	               0	
7f79	80866ff9	0	               0	               0	               0	               0	               0	               0	               0	               0	               0	               0	               0	               0	               0	               0	
7f7a	80866ffa	0	               0	               0	               0	               0	               0	               0	               0	               0	               0	               0	               0	               0	               0	               0	
7f7b	80866ffb	0	               0	               0	               0	               0	               0	               0	               0	               0	               0	               0	               0	               0	               0	               0	
7f7c	80866ffc	0	               0	               0	               0	               0	               0	               0	               0	               0	               0	               0	               0	               0	               0	               0	
7f7d	80866ffd	0	               0	               0	               0	               0	               0	               0	               0	               0	               0	               0	               0	               0	               0	               0	
7f7e	80866ffe	0	               0	               0	               0	               0	               0	               0	               0	               0	               0	               0	               0	               0	               0	               0	
7f80	80866f1d	0	               0	               0	               0	               0	               0	               0	               0	               0	               0	               0	               0	               0	               0	               0	
7f81	80866f34	0	               0	               0	               0	               0	               0	               0	               0	               0	               0	               0	               0	               0	               0	               0	bdx_uncore
7f85	80866f1e	0	               0	               0	               0	               0	               0	               0	               0	               0	               0	               0	               0	               0	               0	               0	
7f86	80866f7d	0	               0	               0	               0	               0	               0	               0	               0	               0	               0	               0	               0	               0	               0	               0	
7f87	80866f1f	0	               0	               0	               0	               0	               0	               0	               0	               0	               0	               0	               0	               0	               0	               0	
7f90	80866fa0	0	               0	               0	               0	               0	               0	               0	               0	               0	               0	               0	               0	               0	               0	               0	
7f91	80866f30	0	               0	               0	               0	               0	               0	               0	               0	               0	               0	               0	               0	               0	               0	               0	bdx_uncore
7f92	80866f70	0	               0	               0	               0	               0	               0	               0	               0	               0	               0	               0	               0	               0	               0	               0	
7f94	80866f60	0	               0	               0	               0	               0	               0	               0	               0	               0	               0	               0	               0	               0	               0	               0	
7f95	80866f38	0	               0	               0	               0	               0	               0	               0	               0	               0	               0	               0	               0	               0	               0	               0	bdx_uncore
7f96	80866f78	0	               0	               0	               0	               0	               0	               0	               0	               0	               0	               0	               0	               0	               0	               0	
7f98	80866fa8	0	               0	               0	               0	               0	               0	               0	               0	               0	               0	               0	               0	               0	               0	               0	
7f99	80866f71	0	               0	               0	               0	               0	               0	               0	               0	               0	               0	               0	               0	               0	               0	               0	
7f9a	80866faa	0	               0	               0	               0	               0	               0	               0	               0	               0	               0	               0	               0	               0	               0	               0	
7f9b	80866fab	0	               0	               0	               0	               0	               0	               0	               0	               0	               0	               0	               0	               0	               0	               0	
7f9e	80866fae	0	               0	               0	               0	               0	               0	               0	               0	               0	               0	               0	               0	               0	               0	               0	
7f9f	80866faf	0	               0	               0	               0	               0	               0	               0	               0	               0	               0	               0	               0	               0	               0	               0	
7fa0	80866fb0	0	               0	               0	               0	               0	               0	               0	               0	               0	               0	               0	               0	               0	               0	               0	bdx_uncore
7fa1	80866fb1	0	               0	               0	               0	               0	               0	               0	               0	               0	               0	               0	               0	               0	               0	               0	bdx_uncore
7fa2	80866fb2	0	               0	               0	               0	               0	               0	               0	               0	               0	               0	               0	               0	               0	               0	               0	
7fa3	80866fb3	0	               0	               0	               0	               0	               0	               0	               0	               0	               0	               0	               0	               0	               0	               0	
7fa4	80866fbc	0	               0	               0	               0	               0	               0	               0	               0	               0	               0	               0	               0	               0	               0	               0	
7fa5	80866fbd	0	               0	               0	               0	               0	               0	               0	               0	               0	               0	               0	               0	               0	               0	               0	
7fa6	80866fbe	0	               0	               0	               0	               0	               0	               0	               0	               0	               0	               0	               0	               0	               0	               0	
7fa7	80866fbf	0	               0	               0	               0	               0	               0	               0	               0	               0	               0	               0	               0	               0	               0	               0	
7fb0	80866f68	0	               0	               0	               0	               0	               0	               0	               0	               0	               0	               0	               0	               0	               0	               0	
7fb1	80866f79	0	               0	               0	               0	               0	               0	               0	               0	               0	               0	               0	               0	               0	               0	               0	
7fb2	80866f6a	0	               0	               0	               0	               0	               0	               0	               0	               0	               0	               0	               0	               0	               0	               0	
7fb3	80866f6b	0	               0	               0	               0	               0	               0	               0	               0	               0	               0	               0	               0	               0	               0	               0	
7fb6	80866f6e	0	               0	               0	               0	               0	               0	               0	               0	               0	               0	               0	               0	               0	               0	               0	
7fb7	80866f6f	0	               0	               0	               0	               0	               0	               0	               0	               0	               0	               0	               0	               0	               0	               0	
7fb8	80866fd0	0	               0	               0	               0	               0	               0	               0	               0	               0	               0	               0	               0	               0	               0	               0	bdx_uncore
7fb9	80866fd1	0	               0	               0	               0	               0	               0	               0	               0	               0	               0	               0	               0	               0	               0	               0	bdx_uncore
7fba	80866fd2	0	               0	               0	               0	               0	               0	               0	               0	               0	               0	               0	               0	               0	               0	               0	
7fbb	80866fd3	0	               0	               0	               0	               0	               0	               0	               0	               0	               0	               0	               0	               0	               0	               0	
7fbc	80866fb8	0	               0	               0	               0	               0	               0	               0	               0	               0	               0	               0	               0	               0	               0	               0	
7fbd	80866fb9	0	               0	               0	               0	               0	               0	               0	               0	               0	               0	               0	               0	               0	               0	               0	
7fbe	80866fba	0	               0	               0	               0	               0	               0	               0	               0	               0	               0	               0	               0	               0	               0	               0	
7fbf	80866fbb	0	               0	               0	               0	               0	               0	               0	               0	               0	               0	               0	               0	               0	               0	               0	
7ff0	80866f98	0	               0	               0	               0	               0	               0	               0	               0	               0	               0	               0	               0	               0	               0	               0	
7ff1	80866f99	0	               0	               0	               0	               0	               0	               0	               0	               0	               0	               0	               0	               0	               0	               0	
7ff2	80866f9a	0	               0	               0	               0	               0	               0	               0	               0	               0	               0	               0	               0	               0	               0	               0	
7ff3	80866fc0	0	               0	               0	               0	               0	               0	               0	               0	               0	               0	               0	               0	               0	               0	               0	
7ff4	80866f9c	0	               0	               0	               0	               0	               0	               0	               0	               0	               0	               0	               0	               0	               0	               0	
7ff8	80866f88	0	               0	               0	               0	               0	               0	               0	               0	               0	               0	               0	               0	               0	               0	               0	
7ffa	80866f8a	0	               0	               0	               0	               0	               0	               0	               0	               0	               0	               0	               0	               0	               0	               0	
ff40	80866f80	0	               0	               0	               0	               0	               0	               0	               0	               0	               0	               0	               0	               0	               0	               0	
ff43	80866f83	0	               0	               0	               0	               0	               0	               0	               0	               0	               0	               0	               0	               0	               0	               0	
ff48	80866f90	0	               0	               0	               0	               0	               0	               0	               0	               0	               0	               0	               0	               0	               0	               0	
ff4b	80866f93	0	               0	               0	               0	               0	               0	               0	               0	               0	               0	               0	               0	               0	               0	               0	
ff58	80866f81	0	               0	               0	               0	               0	               0	               0	               0	               0	               0	               0	               0	               0	               0	               0	
ff59	80866f36	0	               0	               0	               0	               0	               0	               0	               0	               0	               0	               0	               0	               0	               0	               0	bdx_uncore
ff5a	80866f37	0	               0	               0	               0	               0	               0	               0	               0	               0	               0	               0	               0	               0	               0	               0	bdx_uncore
ff5b	80866f76	0	               0	               0	               0	               0	               0	               0	               0	               0	               0	               0	               0	               0	               0	               0	
ff60	80866fe0	0	               0	               0	               0	               0	               0	               0	               0	               0	               0	               0	               0	               0	               0	               0	
ff61	80866fe1	0	               0	               0	               0	               0	               0	               0	               0	               0	               0	               0	               0	               0	               0	               0	
ff62	80866fe2	0	               0	               0	               0	               0	               0	               0	               0	               0	               0	               0	               0	               0	               0	               0	
ff63	80866fe3	0	               0	               0	               0	               0	               0	               0	               0	               0	               0	               0	               0	               0	               0	               0	
ff64	80866fe4	0	               0	               0	               0	               0	               0	               0	               0	               0	               0	               0	               0	               0	               0	               0	
ff65	80866fe5	0	               0	               0	               0	               0	               0	               0	               0	               0	               0	               0	               0	               0	               0	               0	
ff66	80866fe6	0	               0	               0	               0	               0	               0	               0	               0	               0	               0	               0	               0	               0	               0	               0	
ff67	80866fe7	0	               0	               0	               0	               0	               0	               0	               0	               0	               0	               0	               0	               0	               0	               0	
ff68	80866fe8	0	               0	               0	               0	               0	               0	               0	               0	               0	               0	               0	               0	               0	               0	               0	
ff69	80866fe9	0	               0	               0	               0	               0	               0	               0	               0	               0	               0	               0	               0	               0	               0	               0	
ff6a	80866fea	0	               0	               0	               0	               0	               0	               0	               0	               0	               0	               0	               0	               0	               0	               0	
ff6b	80866feb	0	               0	               0	               0	               0	               0	               0	               0	               0	               0	               0	               0	               0	               0	               0	
ff6c	80866fec	0	               0	               0	               0	               0	               0	               0	               0	               0	               0	               0	               0	               0	               0	               0	
ff6d	80866fed	0	               0	               0	               0	               0	               0	               0	               0	               0	               0	               0	               0	               0	               0	               0	
ff6e	80866fee	0	               0	               0	               0	               0	               0	               0	               0	               0	               0	               0	               0	               0	               0	               0	
ff6f	80866fef	0	               0	               0	               0	               0	               0	               0	               0	               0	               0	               0	               0	               0	               0	               0	
ff78	80866ff8	0	               0	               0	               0	               0	               0	               0	               0	               0	               0	               0	               0	               0	               0	               0	
ff79	80866ff9	0	               0	               0	               0	               0	               0	               0	               0	               0	               0	               0	               0	               0	               0	               0	
ff7a	80866ffa	0	               0	               0	               0	               0	               0	               0	               0	               0	               0	               0	               0	               0	               0	               0	
ff7b	80866ffb	0	               0	               0	               0	               0	               0	               0	               0	               0	               0	               0	               0	               0	               0	               0	
ff7c	80866ffc	0	               0	               0	               0	               0	               0	               0	               0	               0	               0	               0	               0	               0	               0	               0	
ff7d	80866ffd	0	               0	               0	               0	               0	               0	               0	               0	               0	               0	               0	               0	               0	               0	               0	
ff7e	80866ffe	0	               0	               0	               0	               0	               0	               0	               0	               0	               0	               0	               0	               0	               0	               0	
ff80	80866f1d	0	               0	               0	               0	               0	               0	               0	               0	               0	               0	               0	               0	               0	               0	               0	
ff81	80866f34	0	               0	               0	               0	               0	               0	               0	               0	               0	               0	               0	               0	               0	               0	               0	bdx_uncore
ff85	80866f1e	0	               0	               0	               0	               0	               0	               0	               0	               0	               0	               0	               0	               0	               0	               0	
ff86	80866f7d	0	               0	               0	               0	               0	               0	               0	               0	               0	               0	               0	               0	               0	               0	               0	
ff87	80866f1f	0	               0	               0	               0	               0	               0	               0	               0	               0	               0	               0	               0	               0	               0	               0	
ff90	80866fa0	0	               0	               0	               0	               0	               0	               0	               0	               0	               0	               0	               0	               0	               0	               0	
ff91	80866f30	0	               0	               0	               0	               0	               0	               0	               0	               0	               0	               0	               0	               0	               0	               0	bdx_uncore
ff92	80866f70	0	               0	               0	               0	               0	               0	               0	               0	               0	               0	               0	               0	               0	               0	               0	
ff94	80866f60	0	               0	               0	               0	               0	               0	               0	               0	               0	               0	               0	               0	               0	               0	               0	
ff95	80866f38	0	               0	               0	               0	               0	               0	               0	               0	               0	               0	               0	               0	               0	               0	               0	bdx_uncore
ff96	80866f78	0	               0	               0	               0	               0	               0	               0	               0	               0	               0	               0	               0	               0	               0	               0	
ff98	80866fa8	0	               0	               0	               0	               0	               0	               0	               0	               0	               0	               0	               0	               0	               0	               0	
ff99	80866f71	0	               0	               0	               0	               0	               0	               0	               0	               0	               0	               0	               0	               0	               0	               0	
ff9a	80866faa	0	               0	               0	               0	               0	               0	               0	               0	               0	               0	               0	               0	               0	               0	               0	
ff9b	80866fab	0	               0	               0	               0	               0	               0	               0	               0	               0	               0	               0	               0	               0	               0	               0	
ff9e	80866fae	0	               0	               0	               0	               0	               0	               0	               0	               0	               0	               0	               0	               0	               0	               0	
ff9f	80866faf	0	               0	               0	               0	               0	               0	               0	               0	               0	               0	               0	               0	               0	               0	               0	
ffa0	80866fb0	0	               0	               0	               0	               0	               0	               0	               0	               0	               0	               0	               0	               0	               0	               0	bdx_uncore
ffa1	80866fb1	0	               0	               0	               0	               0	               0	               0	               0	               0	               0	               0	               0	               0	               0	               0	bdx_uncore
ffa2	80866fb2	0	               0	               0	               0	               0	               0	               0	               0	               0	               0	               0	               0	               0	               0	               0	
ffa3	80866fb3	0	               0	               0	               0	               0	               0	               0	               0	               0	               0	               0	               0	               0	               0	               0	
ffa4	80866fbc	0	               0	               0	               0	               0	               0	               0	               0	               0	               0	               0	               0	               0	               0	               0	
ffa5	80866fbd	0	               0	               0	               0	               0	               0	               0	               0	               0	               0	               0	               0	               0	               0	               0	
ffa6	80866fbe	0	               0	               0	               0	               0	               0	               0	               0	               0	               0	               0	               0	               0	               0	               0	
ffa7	80866fbf	0	               0	               0	               0	               0	               0	               0	               0	               0	               0	               0	               0	               0	               0	               0	
ffb0	80866f68	0	               0	               0	               0	               0	               0	               0	               0	               0	               0	               0	               0	               0	               0	               0	
ffb1	80866f79	0	               0	               0	               0	               0	               0	               0	               0	               0	               0	               0	               0	               0	               0	               0	
ffb2	80866f6a	0	               0	               0	               0	               0	               0	               0	               0	               0	               0	               0	               0	               0	               0	               0	
ffb3	80866f6b	0	               0	               0	               0	               0	               0	               0	               0	               0	               0	               0	               0	               0	               0	               0	
ffb6	80866f6e	0	               0	               0	               0	               0	               0	               0	               0	               0	               0	               0	               0	               0	               0	               0	
ffb7	80866f6f	0	               0	               0	               0	               0	               0	               0	               0	               0	               0	               0	               0	               0	               0	               0	
ffb8	80866fd0	0	               0	               0	               0	               0	               0	               0	               0	               0	               0	               0	               0	               0	               0	               0	bdx_uncore
ffb9	80866fd1	0	               0	               0	               0	               0	               0	               0	               0	               0	               0	               0	               0	               0	               0	               0	bdx_uncore
ffba	80866fd2	0	               0	               0	               0	               0	               0	               0	               0	               0	               0	               0	               0	               0	               0	               0	
ffbb	80866fd3	0	               0	               0	               0	               0	               0	               0	               0	               0	               0	               0	               0	               0	               0	               0	
ffbc	80866fb8	0	               0	               0	               0	               0	               0	               0	               0	               0	               0	               0	               0	               0	               0	               0	
ffbd	80866fb9	0	               0	               0	               0	               0	               0	               0	               0	               0	               0	               0	               0	               0	               0	               0	
ffbe	80866fba	0	               0	               0	               0	               0	               0	               0	               0	               0	               0	               0	               0	               0	               0	               0	
ffbf	80866fbb	0	               0	               0	               0	               0	               0	               0	               0	               0	               0	               0	               0	               0	               0	               0	
fff0	80866f98	0	               0	               0	               0	               0	               0	               0	               0	               0	               0	               0	               0	               0	               0	               0	
fff1	80866f99	0	               0	               0	               0	               0	               0	               0	               0	               0	               0	               0	               0	               0	               0	               0	
fff2	80866f9a	0	               0	               0	               0	               0	               0	               0	               0	               0	               0	               0	               0	               0	               0	               0	
fff3	80866fc0	0	               0	               0	               0	               0	               0	               0	               0	               0	               0	               0	               0	               0	               0	               0	
fff4	80866f9c	0	               0	               0	               0	               0	               0	               0	               0	               0	               0	               0	               0	               0	               0	               0	
fff8	80866f88	0	               0	               0	               0	               0	               0	               0	               0	               0	               0	               0	               0	               0	               0	               0	
fffa	80866f8a	0	               0	               0	               0	               0	               0	               0	               0	               0	               0	               0	               0	               0	               0	               0	
0000	80866f00	0	               0	               0	               0	               0	               0	               0	               0	               0	               0	               0	               0	               0	               0	               0	
0008	80866f02	18	               0	               0	               0	               0	               0	               0	               0	               0	               0	               0	               0	               0	               0	               0	pcieport
0009	80866f03	19	               0	               0	               0	               0	               0	               0	               0	               0	               0	               0	               0	               0	               0	               0	pcieport
0010	80866f04	1b	               0	               0	               0	               0	               0	               0	               0	               0	               0	               0	               0	               0	               0	               0	pcieport
0011	80866f05	1c	               0	               0	               0	               0	               0	               0	               0	               0	               0	               0	               0	               0	               0	               0	pcieport
0012	80866f06	1d	               0	               0	               0	               0	               0	               0	               0	               0	               0	               0	               0	               0	               0	               0	pcieport
0013	80866f07	1e	               0	               0	               0	               0	               0	               0	               0	               0	               0	               0	               0	               0	               0	               0	pcieport
0018	80866f08	20	               0	               0	               0	               0	               0	               0	               0	               0	               0	               0	               0	               0	               0	               0	pcieport
0019	80866f09	21	               0	               0	               0	               0	               0	               0	               0	               0	               0	               0	               0	               0	               0	               0	pcieport
001a	80866f0a	22	               0	               0	               0	               0	               0	               0	               0	               0	               0	               0	               0	               0	               0	               0	pcieport
001b	80866f0b	23	               0	               0	               0	               0	               0	               0	               0	               0	               0	               0	               0	               0	               0	               0	pcieport
0020	80866f20	ac	     39ffff2c004	               0	               0	               0	               0	               0	               0	            4000	               0	               0	               0	               0	               0	               0	ioatdma
0021	80866f21	ae	     39ffff28004	               0	               0	               0	               0	               0	               0	            4000	               0	               0	               0	               0	               0	               0	ioatdma
0022	80866f22	ac	     39ffff24004	               0	               0	               0	               0	               0	               0	            4000	               0	               0	               0	               0	               0	               0	ioatdma
0023	80866f23	ae	     39ffff20004	               0	               0	               0	               0	               0	               0	            4000	               0	               0	               0	               0	               0	               0	ioatdma
0024	80866f24	ac	     39ffff1c004	               0	               0	               0	               0	               0	               0	            4000	               0	               0	               0	               0	               0	               0	ioatdma
0025	80866f25	ae	     39ffff18004	               0	               0	               0	               0	               0	               0	            4000	               0	               0	               0	               0	               0	               0	ioatdma
0026	80866f26	ac	     39ffff14004	               0	               0	               0	               0	               0	               0	            4000	               0	               0	               0	               0	               0	               0	ioatdma
0027	80866f27	ae	     39ffff10004	               0	               0	               0	               0	               0	               0	            4000	               0	               0	               0	               0	               0	               0	ioatdma
0028	80866f28	0	               0	               0	               0	               0	               0	               0	               0	               0	               0	               0	               0	               0	               0	               0	
0029	80866f29	0	               0	               0	               0	               0	               0	               0	               0	               0	               0	               0	               0	               0	               0	               0	
002a	80866f2a	0	               0	               0	               0	               0	               0	               0	               0	               0	               0	               0	               0	               0	               0	               0	
002c	80866f2c	0	        93404000	               0	               0	               0	               0	               0	               0	            1000	               0	               0	               0	               0	               0	               0	
0088	80868d7c	0	               0	               0	               0	               0	               0	               0	               0	               0	               0	               0	               0	               0	               0	               0	
00a0	80868d31	3a	     39ffff00004	               0	               0	               0	               0	               0	               0	           10000	               0	               0	               0	               0	               0	               0	xhci_hcd
00d0	80868d2d	12	        93402000	               0	               0	               0	               0	               0	               0	             400	               0	               0	               0	               0	               0	               0	ehci-pci
00e0	80868d10	ff	               0	               0	               0	               0	               0	               0	               0	               0	               0	               0	               0	               0	               0	               0	
00e2	80868d14	24	               0	               0	               0	               0	               0	               0	               0	               0	               0	               0	               0	               0	               0	               0	pcieport
00e4	80868d18	25	               0	               0	               0	               0	               0	               0	               0	               0	               0	               0	               0	               0	               0	               0	pcieport
00e8	80868d26	12	        93401000	               0	               0	               0	               0	               0	               0	             400	               0	               0	               0	               0	               0	               0	ehci-pci
00f8	80868d44	0	               0	               0	               0	               0	               0	               0	               0	               0	               0	               0	               0	               0	               0	               0	lpc_ich
00fa	80868d02	8f	            4059	            407d	            4051	            4079	            4021	        93400000	               0	               8	               4	               8	               4	              20	             800	               0	ahci
00fb	80868d22	12	     39ffff31004	               0	               0	               0	            4001	               0	               0	             100	               0	               0	               0	              20	               0	               0	i801_smbus
0300	10000097	10	            3001	        93340004	               0	        93200004	               0	               0	               0	             100	           10000	               0	           40000	               0	               0	               0	mpt3sas
0100	103c3306	12	            1201	        92a8d000	            1101	               0	               0	               0	               0	             100	             200	             100	               0	               0	               0	               0	hpwdt
0101	102b0533	13	        91000008	        92a88000	        92000000	               0	               0	               0	               2	         1000000	            4000	          800000	               0	               0	               0	               0	mgag200
0102	103c3307	13	            1001	        92a8c000	        92900000	        92a00000	        92a80000	        92800000	        90000000	             100	             100	          100000	           80000	            8000	          100000	           10000	hpilo
0104	103c3300	13	               0	               0	               0	               0	            1301	               0	               0	               0	               0	               0	               0	              20	               0	               0	uhci_hcd
0200	80861521	10	        92c00000	               0	            2021	        92d04000	               0	               0	        92d80000	          100000	               0	              20	            4000	               0	               0	           80000	igb
0201	80861521	11	        92b00000	               0	            2001	        92d00000	               0	               0	               0	          100000	               0	              20	            4000	               0	               0	               0	igb
8000	80866f01	26	               0	               0	               0	               0	               0	               0	               0	               0	               0	               0	               0	               0	               0	               0	pcieport
8008	80866f02	28	               0	               0	               0	               0	               0	               0	               0	               0	               0	               0	               0	               0	               0	               0	pcieport
8009	80866f03	29	               0	               0	               0	               0	               0	               0	               0	               0	               0	               0	               0	               0	               0	               0	pcieport
8010	80866f04	2b	               0	               0	               0	               0	               0	               0	               0	               0	               0	               0	               0	               0	               0	               0	pcieport
8011	80866f05	2c	               0	               0	               0	               0	               0	               0	               0	               0	               0	               0	               0	               0	               0	               0	pcieport
8012	80866f06	2d	               0	               0	               0	               0	               0	               0	               0	               0	               0	               0	               0	               0	               0	               0	pcieport
8013	80866f07	2e	               0	               0	               0	               0	               0	               0	               0	               0	               0	               0	               0	               0	               0	               0	pcieport
8018	80866f08	30	               0	               0	               0	               0	               0	               0	               0	               0	               0	               0	               0	               0	               0	               0	pcieport
8019	80866f09	31	               0	               0	               0	               0	               0	               0	               0	               0	               0	               0	               0	               0	               0	               0	pcieport
801a	80866f0a	32	               0	               0	               0	               0	               0	               0	               0	               0	               0	               0	               0	               0	               0	               0	pcieport
801b	80866f0b	33	               0	               0	               0	               0	               0	               0	               0	               0	               0	               0	               0	               0	               0	               0	pcieport
8020	80866f20	b6	     3bc0201c004	               0	               0	               0	               0	               0	               0	            4000	               0	               0	               0	               0	               0	               0	ioatdma
8021	80866f21	b8	     3bc02018004	               0	               0	               0	               0	               0	               0	            4000	               0	               0	               0	               0	               0	               0	ioatdma
8022	80866f22	ba	     3bc02014004	               0	               0	               0	               0	               0	               0	            4000	               0	               0	               0	               0	               0	               0	ioatdma
8023	80866f23	bc	     3bc02010004	               0	               0	               0	               0	               0	               0	            4000	               0	               0	               0	               0	               0	               0	ioatdma
8024	80866f24	b6	     3bc0200c004	               0	               0	               0	               0	               0	               0	            4000	               0	               0	               0	               0	               0	               0	ioatdma
8025	80866f25	b8	     3bc02008004	               0	               0	               0	               0	               0	               0	            4000	               0	               0	               0	               0	               0	               0	ioatdma
8026	80866f26	ba	     3bc02004004	               0	               0	               0	               0	               0	               0	            4000	               0	               0	               0	               0	               0	               0	ioatdma
8027	80866f27	bc	     3bc02000004	               0	               0	               0	               0	               0	               0	            4000	               0	               0	               0	               0	               0	               0	ioatdma
8028	80866f28	0	               0	               0	               0	               0	               0	               0	               0	               0	               0	               0	               0	               0	               0	               0	
8029	80866f29	0	               0	               0	               0	               0	               0	               0	               0	               0	               0	               0	               0	               0	               0	               0	
802a	80866f2a	0	               0	               0	               0	               0	               0	               0	               0	               0	               0	               0	               0	               0	               0	               0	
802c	80866f2c	0	        d1100000	               0	               0	               0	               0	               0	               0	            1000	               0	               0	               0	               0	               0	               0	
8c00	808624f0	10	        c8000004	               0	               0	               0	               0	               0	               0	         4000000	               0	               0	               0	               0	               0	               0	hfi1
8800	10b58747	34	        d1000000	               0	               0	               0	               0	               0	               0	           40000	               0	               0	               0	               0	               0	               0	pcieport
8940	10b58747	35	               0	               0	               0	               0	               0	               0	               0	               0	               0	               0	               0	               0	               0	               0	pcieport
8980	10b58747	36	               0	               0	               0	               0	               0	               0	               0	               0	               0	               0	               0	               0	               0	               0	pcieport
8a00	10de102d	c2	        d0000000	     3a80000000c	               0	     3ac0000000c	               0	               0	               0	         1000000	       400000000	               0	         2000000	               0	               0	               0	nvidia
8b00	10de102d	c3	        cf000000	     3a00000000c	               0	     3a40000000c	               0	               0	               0	         1000000	       400000000	               0	         2000000	               0	               0	               0	nvidia
8100	10b58747	37	        ce000000	               0	               0	               0	               0	               0	               0	           40000	               0	               0	               0	               0	               0	               0	pcieport
8240	10b58747	38	               0	               0	               0	               0	               0	               0	               0	               0	               0	               0	               0	               0	               0	               0	pcieport
8280	10b58747	39	               0	               0	               0	               0	               0	               0	               0	               0	               0	               0	               0	               0	               0	               0	pcieport
8300	10de102d	10	        cd000000	     3b80000000c	               0	     3bc0000000c	               0	               0	               0	         1000000	       400000000	               0	         2000000	               0	               0	               0	nvidia
8400	10de102d	10	        cc000000	     3b00000000c	               0	     3b40000000c	               0	               0	               0	         1000000	       400000000	               0	         2000000	               0	               0	               0	nvidia
